00100001010110010000001000000000000
00000010110101001100001100001000000
00000001000110010100001010000000000
01000010000101001110000100001000100
10000010101000001110010100111001000
11000011100100000010000100110001000
00000111110100001110001101011000000
00000010101101101110001110001000000
00100010100101001110010101101000001
00000001100110010110001000000000000
00000010100101001110000101001000000
00000111000101001110001000001000000
00000001100010010110001000010000000
00000001000110000100001000010000000
10000001000111010100001000010000000
00111010100101001111011100101000010
00000010110101000110000000011000000
01000001000111110100001100011100000
01000011100100001110010100111000000
01000011100111011110010100011000000
00001010100101001010000100001010000
00010001100000000110000100111000000
00000010100110001110001100111000000
10110001000111010100001000010000000
00000010100110000110100100111000000
00001011100100001110010100110100000
00100011100100011100000100111000000
00001010001111000110000110001000000
00000111100100001110010100111101000
00000001000111110100001010000000000
00000001101110010100001001010000001
00000001000110010000001000001000000
00000011100100001111000100101000000
00001011100100001100010100111000000
00011011110100001110010000100100001
00000010100111101100100010001000000
00000101000110010100000000010000000
01000011100000001110010110111000000
00000001100100011110000011111001000
01000101000110010100001000011000010
00100111110000000110000000011000000
00100011100100001110010100011001001
00000011100100001110110100111000000
01010001000110010100001000010001000
00100011100100101110010101111000000
00000011010100000110010000111000000
00000011100101001110010101111100000
00000010100101001110000101001000100
10000010100101001110000100000001000
00000001000110010101011000011000000
00000000000110010110001000000000010
00000011100110001110000100111000000
00000011100100001100010110111000001
10000011111000001110010100111010000
00001111100100001110010100111000000
00000011100000001110010100111001010
00000010100100001110000100111000010
00000010110000001111001100001000000
00000010000001001110000100001000010
00000010100101001110000110000000010
00000011100100001110000100111100010
00010100100101001010100100011000000
00100010100101001110000100110010010
00001011000100001110010100110100010
00000001000110010100000000010000000
00000011100100001101010100110000000
10000011100100111110010100101000101
00100011101100001110000100111000000
00000101000100011110000100111000000
00000010100100001010100100001000010
00000001100001001110000110001000000
00000011100110001110100100110001000
00001011000100010100001000010000000
11010000000110000100001000010010000
00000011100100001110000100111000000
00100010101001001110110100001000110
01000011110100001100010100111000000
00100101000110010100000100010011000
00000111100101001111110100111100000
00000011101101001110000101101000000