000010110001000011100101001101000106
000000000001100101100010000000000101
101100010001110101000010000100000001
000000011000100101100010000100000001
001000111001001011100101011110000006
001000010101100100000010000000000001
010001010001100101000010000110000101
000101001001010010101001000110000004
000010101001010010100001000010100004
000000011001000111100000111110010005
000000111001000011100001001110000005
000000010001100100000010000010000001
010000111001000011100101001110000006
000000101001010011100001010010001004
000001111001010011111101001111000006
000001010001000111100001001110000005
001000111001000011100101000110010016
001000111011000011100001001110000005
000000010001100101000000000100000001
000010111001000011100101001101000006
000000101101010011000011000010000004
100000010001110101000010000100000001
001110101001010011110111001010000104
000000101100000011110011000010000004
000010111001000011000101001110000006
000000101001100011100011001110000005
000001111001000011100101001111010006
100000101001010011100001000000010004
000000010001100001000010000100000001
000000010001100101000010100000000001
000000101001000010101001000010000104
000000111001100011101001001100010005
000010110001000101000010000100000001
001000101001010011100101011010000014
000000111001000011110001001010000005
000000111001000011100001001111000105
100000111001001111100101001010001016
000000011000010011100001100010000004
000000111001000011101101001110000006
010000111000000011100101101110000006
000000111001000011010101001100000006
000000101011011011100011100010000004
000000100000010011100001000010000104
000001110001010011100010000010000004
010000111001110111100101000110000006
000011111001000011100101001110000006
010000111101000011000101001110000006
000000101001010011100001010010000004
000000111011010011100001011010000005
000001111101000011100011010110000005
100000101010000011100101001110010006
000000101001010011100001100000000104
001000101001010011100001001100100105
000010100011110001100001100010000004
000000101001000011100001001110000105
001001111100000001100000000110000005
000000011001100101100010000000000001
001000101010010011101101000010001104
000110111101000011100100001001000016
001000111001000111000001001110000005
110100000001100001000010000100100001
000000110101000001100100001110000005
000001010001100101000000000100000001
000000111001100011100001001110000005
000000101001111011001000100010000004
010100010001100101000010000100010001
000000011011100101000010010100000011
000000111001010011100101011111000006
000000101001100001101001001110000005
000000111001000011000101101110000015
000000101101010001100000000110000004
000000111000000011100101001110010106
100000111110000011100101001110100006
000100011000000001100001001110000005
010000010001111101000011000111000001
000000010001111101000010100000000001
000000010001100101010110000110000001
010000100001010011100001000010001004
110000111001000000100001001100010005
001001010001100101000001000100110001