00000001000110110101011000001000000
10010011100101101100010100001000010
00000010100101001100000101111000000
00001011111110010100001000010000001
00000101000110010101001101010100000
00100010100001001110000100101010101
00000110101101001010000100001000000
00000010100101001110000000000001000
01000010100101011100000000001000000
00000010101101001111000100001000001
00010001000110110100000001010000001
00000010100101001110100100001000000
00000010100101001110001100001000101
00000001000110010100011000010000000
10000011010101001110000100001000000
00000011101111001110000100001000000
00100011100101001100000101101010000
00000010100101001110100100001000000
00000011000101001110000100111001000
10000010100100001110000100111010000
00000010100101001110000100001000100
10000010100001001110000100001000000
01000011110000101110000110101010000
10000111100100101110000100111100000
00000011110101001110000100001000000