000000010001100101000110000100000001
000000101001010011101001000010000004
000000101001010011000001011110000005
000000010001101101010110000010000001
000000110001010011100001001110010005
000000101001010011101001000010000004
001000101000010011100001001010101014
100000101001000011100001001110100005
100000110101010011100001000010000004
001000111001010011000001011010100004
000001101011010010100001000010000004
000000101001010011100000000000010004
000000101001010011100001000010001004
000010111111100101000010000100000011
100000101000010011100001000010000004
000000111101010011100001000010000004
000100010001101101000000010100000011
000000101011010011110001000010000014
000000111011110011100001000010000004
100100111001011011000101000010000104
100001111001001011100001001111000005
000000101001010011100011000010001014
010000111100001011100001101010100005
010000101001010111000000000010000004
000001010001100101010011010101000001